yes
0.7411539593759199
0.43059210526315783
0.9463917525773196
0.6954545454545454

no
0.0
0.03857583749052297
0.02594818727298243
0.07772090971920083

no
1.108066368850925
0.7770815117069853
0.8420853183196189
0.5678115488844033

yes
0.8857442838020964
1.7290650457055872
1.301182288780729
0.9415312619133496

no
0.9254037998791216
1.0080969347235376
0.5982501919061289
0.5498768046754191

no
0.9427285664840179
0.9443897696392898
0.8328915268899819
0.7873534989717864

no
1.8158709370114674
0.17724661540817416
0.7404089262174359
0.12697221031237194

no
2.0613788695573896
0.856011241461786
1.3914271288938491
1.4783540010910903

no
0.8412449987827287
0.0
0.8863429241696221
0.810353612577922

yes
0.7954228984012377
0.8507465200495675
0.9144014209919226
0.5672029800956413

no
0.5424722619727925
0.5842235432441769
0.5122474825839254
0.3119755509325596

no
0.5350564834950382
0.029092689071489725
0.05010694185400142
0.03736735402737458

yes
0.6421639544396603
0.9469699409316668
1.3627481413099742
1.652992769962151

yes
0.0
0.007591110397465607
0.28201070851386156
0.013535781606082892

yes
0.22934450205589996
0.0901561146012848
0.09950065035329368
0.00990823749911088

no
1.0704567362674577
0.6126333889075087
0.4608142128464081
0.4466604775488348

yes
0.9669296004549153
0.9132722510862973
0.6045102132837334
0.8791291620445986

no
1.1087449260593174
0.28396441024990293
0.45428586517599184
0.11180339887498948

no
1.3262857098075964
0.0
1.259766813622297
0.6511815261079383

no
0.046034225484144466
0.42883128614774035
0.6006396364820128
0.38311694161821397

yes
1.1293064153126506
1.0591284940227272
0.5518617678826727
0.9941763875132156

no
0.47046334365303955
0.20555170745067192
0.41970675671738333
0.2529766045250554

no
0.0
1.852563713889055
1.7646030764705227
1.4751401359361098

no
1.4901428027978332
1.383631671040226
1.3880019277281908
1.315594531892835

yes
0.006394050680942185
0.0
0.0
0.6587373641215463

yes
1.012268330367197
0.5860120543912362
0.5456657826172676
0.5934227701076135

no
0.8566708677773157
0.8830346940763749
0.8951358725982078
0.8781873616259163

no
0.8359976307130287
0.8201244725973692
1.2314954576223638
0.8023959442591819

yes
0.6352676429402502
0.9670247616397107
1.1663594471617265
0.6182207354386345

no
1.7533498873140234
1.8189464174991588
1.6234461286682125
1.6215164053608158

no
0.43137776067913064
0.0
0.10206207261596577
0.0

no
0.6946515058394067
0.6943276452998645
0.6991884641123358
0.7042029978157229

no
0.0407809431709411
0.03735585441659162
0.05862068965517241
0.85

no
0.01608904530806867
0.20831069641282704
0.5277243073874534
0.1596472754354058

yes
0.8388972745734182
0.011584134114281932
0.33963212469808535
0.08813410964181469

yes
0.25243342861897383
0.4098056883719099
0.49339732567874633
0.300218590719065

no
0.2830440763271056
0.23891788678291787
0.2828229209065859
0.2943683914734951

yes
0.8456571282539342
0.9884432626579985
0.8594513004383803
0.5741078084692613

yes
0.3339285714285714
0.12142857142857141
0.033242574257425744
0.155595399188092

yes
1.121602224456717
0.9046006796473349
1.1855460411474845
1.0629548537571312

no
0.44641839387375676
1.3479631704379453
1.3545490704148895
0.8805950630632635

yes
0.0
0.19359468701018645
0.03680607966083864
0.03240041365742103

no
0.5600238058595431
0.6242681317883145
0.5489682161722872
0.589319492337759

no
0.8308349377429265
0.7155417527999326
0.21891589202323225
0.5327013644356642

no
0.12517602170025877
0.23372677186688678
0.17677669529663687
0.3207023880506487

no
0.645802697821923
0.3011030797519716
1.4372287106582897
0.0

yes
0.34
0.0
0.17816427289048473
0.102

yes
0.7750909728103028
0.35654159327848317
0.9811420045660855
0.5078392813823277

no
1.0121516994374946
0.6684842903799185
0.573672969537867
0.44687987519500777

no
4.747434596129825
2.9138885734068243
3.233884295219342
1.8874539026939856

no
0.8924471973536028
1.8135147996331051
0.987801459451863
0.722408879008798

no
1.7622317495783772
1.7761876883076257
1.767298610266801
1.732497392871964

no
0.3624420053320767
0.022097086912079605
0.022097086912079605
0.3188136078991773

yes
0.5578124999999999
0.7555555555555555
1.0542885570183158
1.1966638701029972

no
0.3696487783434906
0.17186178285208875
0.10476913875274897
0.351746914505698

no
1.3316066199835448
1.1403946685248927
1.3292665122734868
0.0

no
0.19539697531088424
0.19370831379784934
0.18835078790891788
0.19300311722803026

yes
1.5453714244498546
1.6871845457514194
1.4367624083998647
1.3771482305989604

yes
0.9894689785062839
0.9935790998095689
0.8925
0.953638151425762

no
1.5801874589260496
1.640684211307602
1.8904724357184592
1.7593558355723977

