2.0510166701109305
1.0213624578301075
1.8066601090557046
1.9308265862166618
0.9139565228054771

0.7115492972548616
0.32586051363396157
0.7613093821590016
1.7234090973462095
0.49304727847265306

1.8541810263719516
0.6968930679577326
1.5799756630009152
0.8497317255366373
0.82291639722104

0.013977692186245706
0.36026422273921493
1.308245400531728
0.06129092429816678
6.590494327736313E-4

0.7241068303597623
1.1928861495888028
0.11297372131342472
1.2080645276654207
0.4573099415204678

0.587120452514419
0.746377454009793
1.3630734458825198
0.6256203285987354
1.6266671615939523

2.1222070873138748
2.207754919611207
2.2546328374071076
2.0564368036962994
1.988203642596495

2.6685795946507613
1.4861606515461407
2.1694624815023644
1.4402321649111238
1.593463829999935

1.8913484923059378
0.796480499668914
1.0276885564826492
1.6849836434119116
0.7796685239427733

1.519677813483756
1.3111832607231437
1.0274190101282183
2.05533409825582
1.084603355132215

1.9639576762501225
1.1584064809606023
1.0426290415908759
1.107023489862325
1.0692017804966705

1.501110699893027
1.1224409600947167
0.016502459049611236
2.234304807221685
1.3768116014940497

1.228542474582621
0.0
0.7277102281525555
0.05892556509887895
0.7524479793695017

0.425
0.514524987854339
0.47953559924999295
0.6087524506469335
0.4291614740964928

0.3778659024918495
0.12784964208022803
0.1111111111111111
0.19245008972987526
0.39041993158467775

1.8076502139060078
1.2020815280171306
1.3870690572570346
1.3281370716809389
1.2721732715727425

0.1422588984322123
1.592709446984565E-5
0.0
0.232307808352892
0.668153104781061

0.9839757776958071
0.7852307235710105
0.8563639532067362
1.5168413763859991
0.7538328164303749

1.27530606047841
0.8467803948114512
0.7977493242047862
0.7361215932167728
0.8875069112657697

0.8842034328008453
0.8058287184905049
0.7036558900721706
0.9694321566221421
0.7559339216849547

1.10572983945108
1.0326484248519419
0.3920493669134824
0.439675553448647
0.3918067258175642

0.11079261637386337
0.12934440514222695
0.08969689933257913
8.962481879786669E-4
0.0

0.3170130603041075
0.5439997892898627
0.23675555502259865
0.645188344009821
0.17236883160809646

0.2574285714285715
0.17641509433962263
0.09490291262135922
0.0
0.16720670857062328

0.1035246057753645
0.07113625667242565
0.20427120872246107
0.46402310335340513
0.22194921275582272

0.30772976264318047
0.3546718048205527
0.1968686860540629
0.11476798642526101
0.9035293425669921

0.125
1.5287008897481063
0.7212472654199639
1.480431316975518
0.6751500708245399

1.142661441018412
0.7303391220461437
0.7335883045238963
0.9373816431992119
0.6622943581048464

0.2845177968644246
0.5286931701047626
0.7645237030310092
0.7167860168130713
0.05212860351426868

1.3230909582299883
0.7379187497368175
0.8730357612689446
1.2126526416457262
0.6018160992384867

2.169504010571651
0.4287410368640722
0.1430924164859293
0.25338934133802093
0.2616506355660613

0.12924684644451312
0.014945769254028437
0.17963771403631085
0.22729541250359886
0.03997602632399357

2.540512580899395
1.294036350155241
0.8487219563068966
0.49878264841383474
2.540512580899395

0.44674656124956064
0.4363969401459189
0.12811850731903301
0.09540329587437545
0.11916517375250972

0.9323709955355048
0.6405055998313137
0.6939355825122011
0.8151700134438282
0.8254888764732368

0.08300162372178513
0.1977731921387209
0.3917748167333369
0.1787668795077439
0.18222464756026388

0.9993176591629735
0.64867338026305
0.0
0.49074772881118195
0.7025370000152258

2.2416665698253495
0.8752047754645329
1.0017354187237013
2.2416665698253495
0.8598899261661888

1.1412949509944283
1.1385402723656763
1.0746983133736328
1.0174809240273135
1.0622897842414594

1.925963758468412
0.5436452847055363
0.6010407640085653
0.5921721539392841
0.6690512297176688

